Enter choice:
2. d695
3. p22810
4. p93791
Enter maximum tam width:
Enter maximum tam number:
/home/aditya25/btp/SOC_testing/d695/16/balanced_wrapper/full/wrapper_design_d695_module_no_1.txt
/home/aditya25/btp/SOC_testing/d695/16/balanced_wrapper/full/wrapper_design_d695_module_no_2.txt
/home/aditya25/btp/SOC_testing/d695/16/balanced_wrapper/full/wrapper_design_d695_module_no_3.txt
/home/aditya25/btp/SOC_testing/d695/16/balanced_wrapper/full/wrapper_design_d695_module_no_4.txt
/home/aditya25/btp/SOC_testing/d695/16/balanced_wrapper/full/wrapper_design_d695_module_no_5.txt
/home/aditya25/btp/SOC_testing/d695/16/balanced_wrapper/full/wrapper_design_d695_module_no_6.txt
/home/aditya25/btp/SOC_testing/d695/16/balanced_wrapper/full/wrapper_design_d695_module_no_7.txt
/home/aditya25/btp/SOC_testing/d695/16/balanced_wrapper/full/wrapper_design_d695_module_no_8.txt
/home/aditya25/btp/SOC_testing/d695/16/balanced_wrapper/full/wrapper_design_d695_module_no_9.txt
/home/aditya25/btp/SOC_testing/d695/16/balanced_wrapper/full/wrapper_design_d695_module_no_10.txt
Enter Max Power:
     1 2 3 4 5 6 7 8 9 10 11 12 13 14 15 16 
0   428 220 155 116 103 90 77 64 64 64 51 51 51 51 51 38 
1   15292 7719 5146 3896 3161 2646 2279 1985 1764 1617 1470 1396 1250 1176 1103 1029 
2   5058 2582 2507 2507 2507 2507 2507 2507 2507 2507 2507 2507 2507 2507 2507 2507 
3   26602 13354 11129 6782 5829 5829 5829 5829 5829 5829 5829 5829 5829 5829 5829 5829 
4   191874 95992 64070 48106 38481 32167 27613 24163 21518 19757 17624 16194 14983 14873 14873 12192 
5   185794 93014 62248 46741 37364 31241 28199 23488 20906 19034 19034 18799 18799 18564 18564 11978 
6   65686 32891 21959 16493 13243 11027 9695 8342 7383 6717 6431 6431 6431 6431 6431 4219 
7   22427 11262 8721 5680 4605 4605 4605 4605 4605 4605 4605 4605 4605 4605 4605 4605 
8   26351 13182 8802 6597 5310 4440 3798 3305 2964 2820 2418 2226 2118 2118 2118 1659 
9   120188 60128 40137 30132 24701 21182 17663 15100 14144 14144 11033 10625 10625 10625 10625 7586 
Enter Partitions manually(1/0)?
         1         1         14
Core 0 428 428 51 
Core 1 15292 15292 1176 
Core 2 5058 5058 2507 
Core 3 26602 26602 5829 
Core 4 191874 191874 14873 
Core 5 185794 185794 18564 
Core 6 65686 65686 6431 
Core 7 22427 22427 4605 
Core 8 26351 26351 2118 
Core 9 120188 120188 10625 
0(1):2 0         Time : 5486
1(1):9 8         Time : 146539
2(14):4 5 6 3 7 1         Time : 51478

-----------------------------------------------------------------
         1         2         13
Core 0 428 220 51 
Core 1 15292 7719 1250 
Core 2 5058 2582 2507 
Core 3 26602 13354 5829 
Core 4 191874 95992 14983 
Core 5 185794 93014 18799 
Core 6 65686 32891 6431 
Core 7 22427 11262 4605 
Core 8 26351 13182 2118 
Core 9 120188 60128 10625 
0(1):2 1         Time : 20350
1(2):3 0 7         Time : 24836
2(13):4 9 5 6 8         Time : 52956

-----------------------------------------------------------------
         1         3         12
Core 0 428 155 51 
Core 1 15292 5146 1396 
Core 2 5058 2507 2507 
Core 3 26602 11129 5829 
Core 4 191874 64070 16194 
Core 5 185794 62248 18799 
Core 6 65686 21959 6431 
Core 7 22427 8721 4605 
Core 8 26351 8802 2226 
Core 9 120188 40137 10625 
0(1):1 0         Time : 15720
1(3):3 2 7 6         Time : 44316
2(12):4 9 5 8         Time : 47844

-----------------------------------------------------------------
         1         4         11
Core 0 428 116 51 
Core 1 15292 3896 1470 
Core 2 5058 2507 2507 
Core 3 26602 6782 5829 
Core 4 191874 48106 17624 
Core 5 185794 46741 19034 
Core 6 65686 16493 6431 
Core 7 22427 5680 4605 
Core 8 26351 6597 2418 
Core 9 120188 30132 11033 
0(1):1         Time : 15292
1(4):6 0 9         Time : 46741
2(11):4 5 3 2 8 7         Time : 52017

-----------------------------------------------------------------
         1         5         10
Core 0 428 103 64 
Core 1 15292 3161 1617 
Core 2 5058 2507 2507 
Core 3 26602 5829 5829 
Core 4 191874 38481 19757 
Core 5 185794 37364 19034 
Core 6 65686 13243 6717 
Core 7 22427 4605 4605 
Core 8 26351 5310 2820 
Core 9 120188 24701 14144 
0(1):1 0 9 8         Time : 162259
1(5):6 3         Time : 19072
2(10):4 5 7 2         Time : 45903

-----------------------------------------------------------------
         1         6         9
Core 0 428 90 64 
Core 1 15292 2646 1764 
Core 2 5058 2507 2507 
Core 3 26602 5829 5829 
Core 4 191874 32167 21518 
Core 5 185794 31241 20906 
Core 6 65686 11027 7383 
Core 7 22427 4605 4605 
Core 8 26351 4440 2964 
Core 9 120188 21182 14144 
0(1):1 2 0         Time : 20778
1(6):6 3 7         Time : 21461
2(9):4 9 5 8         Time : 59532

-----------------------------------------------------------------
         1         7         8
Core 0 428 77 64 
Core 1 15292 2279 1985 
Core 2 5058 2507 2507 
Core 3 26602 5829 5829 
Core 4 191874 27613 24163 
Core 5 185794 28199 23488 
Core 6 65686 9695 8342 
Core 7 22427 4605 4605 
Core 8 26351 3798 3305 
Core 9 120188 17663 15100 
0(1):7 0         Time : 22855
1(7):6 3 2 1         Time : 20310
2(8):4 9 5 8         Time : 66056

-----------------------------------------------------------------
         2         6         8
Core 0 220 90 64 
Core 1 7719 2646 1985 
Core 2 2582 2507 2507 
Core 3 13354 5829 5829 
Core 4 95992 32167 24163 
Core 5 93014 31241 23488 
Core 6 32891 11027 8342 
Core 7 11262 4605 4605 
Core 8 13182 4440 3305 
Core 9 60128 21182 15100 
0(2):3 1 2 0         Time : 23875
1(6):6 7         Time : 15632
2(8):4 9 5 8         Time : 66056

-----------------------------------------------------------------
         2         7         7
Core 0 220 77 77 
Core 1 7719 2279 2279 
Core 2 2582 2507 2507 
Core 3 13354 5829 5829 
Core 4 95992 27613 27613 
Core 5 93014 28199 28199 
Core 6 32891 9695 9695 
Core 7 11262 4605 4605 
Core 8 13182 3798 3798 
Core 9 60128 17663 17663 
0(2):3 7 2 0         Time : 27418
1(7):4 9 8         Time : 49074
2(7):6 1 5         Time : 40173

-----------------------------------------------------------------
         3         6         7
Core 0 155 90 77 
Core 1 5146 2646 2279 
Core 2 2507 2507 2507 
Core 3 11129 5829 5829 
Core 4 64070 32167 27613 
Core 5 62248 31241 28199 
Core 6 21959 11027 9695 
Core 7 8721 4605 4605 
Core 8 8802 4440 3798 
Core 9 40137 21182 17663 
0(3):6 1 0         Time : 27260
1(6):3 7 2         Time : 12941
2(7):4 9 5 8         Time : 77273

-----------------------------------------------------------------
         4         5         7
Core 0 116 103 77 
Core 1 3896 3161 2279 
Core 2 2507 2507 2507 
Core 3 6782 5829 5829 
Core 4 48106 38481 27613 
Core 5 46741 37364 28199 
Core 6 16493 13243 9695 
Core 7 5680 4605 4605 
Core 8 6597 5310 3798 
Core 9 30132 24701 17663 
0(4):6 3 1 0         Time : 27287
1(5):7 2         Time : 7112
2(7):4 9 5 8         Time : 77273

-----------------------------------------------------------------
         4         6         6
Core 0 116 90 90 
Core 1 3896 2646 2646 
Core 2 2507 2507 2507 
Core 3 6782 5829 5829 
Core 4 48106 32167 32167 
Core 5 46741 31241 31241 
Core 6 16493 11027 11027 
Core 7 5680 4605 4605 
Core 8 6597 4440 4440 
Core 9 30132 21182 21182 
0(4):3 7 1 2         Time : 18865
1(6):4 9 8         Time : 57789
2(6):5 0 6         Time : 42358

-----------------------------------------------------------------
         5         5         6
Core 0 103 103 90 
Core 1 3161 3161 2646 
Core 2 2507 2507 2507 
Core 3 5829 5829 5829 
Core 4 38481 38481 32167 
Core 5 37364 37364 31241 
Core 6 13243 13243 11027 
Core 7 4605 4605 4605 
Core 8 5310 5310 4440 
Core 9 24701 24701 21182 
0(5):6 3 7 1 2 0         Time : 29448
1(5):        Time : 0
2(6):4 9 5 8         Time : 89030

-----------------------------------------------------------------
         6         4         6
Core 0 90 116 90 
Core 1 2646 3896 2646 
Core 2 2507 2507 2507 
Core 3 5829 6782 5829 
Core 4 32167 48106 32167 
Core 5 31241 46741 31241 
Core 6 11027 16493 11027 
Core 7 4605 5680 4605 
Core 8 4440 6597 4440 
Core 9 21182 30132 21182 
0(6):4 9 8         Time : 57789
1(4):3 7 1 2         Time : 18865
2(6):5 0 6         Time : 42358

-----------------------------------------------------------------
         6         5         5
Core 0 90 103 103 
Core 1 2646 3161 3161 
Core 2 2507 2507 2507 
Core 3 5829 5829 5829 
Core 4 32167 38481 38481 
Core 5 31241 37364 37364 
Core 6 11027 13243 13243 
Core 7 4605 4605 4605 
Core 8 4440 5310 5310 
Core 9 21182 24701 24701 
0(6):4 9 5 8         Time : 89030
1(5):6 3 7 1 2 0         Time : 29448
2(5):        Time : 0

-----------------------------------------------------------------
         7         4         5
Core 0 77 116 103 
Core 1 2279 3896 3161 
Core 2 2507 2507 2507 
Core 3 5829 6782 5829 
Core 4 27613 48106 38481 
Core 5 28199 46741 37364 
Core 6 9695 16493 13243 
Core 7 4605 5680 4605 
Core 8 3798 6597 5310 
Core 9 17663 30132 24701 
0(7):4 9 5 8         Time : 77273
1(4):6 3 1 0         Time : 27287
2(5):7 2         Time : 7112

-----------------------------------------------------------------
         8         3         5
Core 0 64 155 103 
Core 1 1985 5146 3161 
Core 2 2507 2507 2507 
Core 3 5829 11129 5829 
Core 4 24163 64070 38481 
Core 5 23488 62248 37364 
Core 6 8342 21959 13243 
Core 7 4605 8721 4605 
Core 8 3305 8802 5310 
Core 9 15100 40137 24701 
0(8):4 9 5 8         Time : 66056
1(3):6 0         Time : 22114
2(5):3 7 1 2         Time : 16102

-----------------------------------------------------------------
         8         4         4
Core 0 64 116 116 
Core 1 1985 3896 3896 
Core 2 2507 2507 2507 
Core 3 5829 6782 6782 
Core 4 24163 48106 48106 
Core 5 23488 46741 46741 
Core 6 8342 16493 16493 
Core 7 4605 5680 5680 
Core 8 3305 6597 6597 
Core 9 15100 30132 30132 
0(8):4 9 5 8         Time : 66056
1(4):6 3 0         Time : 23391
2(4):7 1 2         Time : 12083

-----------------------------------------------------------------
         8         4         4
Core 0 64 116 116 
Core 1 1985 3896 3896 
Core 2 2507 2507 2507 
Core 3 5829 6782 6782 
Core 4 24163 48106 48106 
Core 5 23488 46741 46741 
Core 6 8342 16493 16493 
Core 7 4605 5680 5680 
Core 8 3305 6597 6597 
Core 9 15100 30132 30132 
0(8):4 9 5 8         Time : 66056
1(4):6 3 0         Time : 23391
2(4):7 1 2         Time : 12083

-----------------------------------------------------------------
Lowest test time Final core assignment for 47844 :
Core Tam TestingTime
0->0 1->0 2->1 3->1 4->2 5->2 6->1 7->1 8->2 9->2 Final total testing time on tams:
Tam Width   Time
0   1   15720 
1   3   44316 
2   12   47844 
